This output file is generated from the following files: 
Light isotope file: input_files\ZnDMA_1_Freq_64.log
Heavy isotope file: input_files\ZnDMA_1_Freq_66.log

Zn isotopes extracted: 64 and 66
Temperature = 298.15 K

Number of frequencies used in calculating FULL RPFR: 111
ln(v/v'): -0.03725097107825504
lnQ: -307.57409444740796
lnQ': -307.61546796518365
RPFR: 4.122546697431062


Light isotope frequencies:
[  37.2675   50.7029   60.0031   73.2517   79.2148  107.1682  119.7427
  123.0498  141.0984  157.5869  167.9459  180.4563  189.0955  206.9215
  236.6779  247.2554  264.1769  277.0115  297.2822  310.4831  339.761
  350.9114  358.883   364.8563  383.468   420.1617  453.273   493.0267
  505.2977  536.2223  550.5116  594.2795  607.984   635.5767  679.2516
  701.2545  718.5544  755.1904  796.5677  800.7908  812.0979  831.9103
  857.3471  870.4222  872.5621  902.701   933.7914  942.3176  949.2582
  966.8214  971.3231 1018.346  1026.166  1036.5095 1071.0135 1073.973
 1089.6138 1119.7957 1125.7881 1148.9359 1157.6795 1177.2192 1205.148
 1226.8769 1230.5784 1261.1795 1272.8437 1277.4    1285.4958 1292.528
 1308.1714 1323.4672 1330.4129 1337.1327 1345.9233 1355.273  1369.2137
 1379.689  1389.4881 1404.3354 1408.0937 1415.66   1431.611  1458.1312
 1491.1664 1498.5137 1515.3239 1520.087  1530.6867 1554.478  1561.9738
 1770.8518 1778.093  1790.3175 2963.5199 2981.8473 3001.9764 3009.8988
 3019.6669 3028.1123 3041.3312 3050.5809 3093.7773 3095.4692 3097.3596
 3106.6575 3107.4907 3123.7442 3156.613  3512.5999 3540.8161]

Isotope contributions - estimation of isotope movement in each frequency:
[ 0.   -0.09 -0.02  0.05 -0.05 -0.1   0.04 -0.07 -0.09  0.2  -0.15 -0.18
 -0.16 -0.03 -0.03  0.1   0.    0.07 -0.01 -0.08  0.02 -0.07 -0.12 -0.1
 -0.01 -0.01 -0.02  0.    0.03 -0.02  0.    0.    0.    0.    0.01  0.
  0.    0.01  0.    0.01  0.    0.    0.    0.    0.    0.    0.    0.
  0.    0.    0.    0.    0.    0.    0.    0.    0.    0.    0.    0.
  0.    0.    0.    0.    0.    0.    0.    0.    0.    0.    0.    0.
  0.    0.    0.    0.    0.    0.    0.    0.    0.    0.    0.    0.
  0.    0.    0.    0.    0.    0.    0.    0.    0.    0.    0.    0.
  0.    0.    0.    0.    0.    0.    0.    0.    0.    0.    0.    0.
  0.    0.    0.  ]

The frequencies that contain movement of the isotope:
[ 50.7029  60.0031  73.2517  79.2148 107.1682 119.7427 123.0498 141.0984
 157.5869 167.9459 180.4563 189.0955 206.9215 236.6779 247.2554 277.0115
 297.2822 310.4831 339.761  350.9114 358.883  364.8563 383.468  420.1617
 453.273  505.2977 536.2223 679.2516 755.1904 800.7908]

Heavy isotope frequencies:
[  37.2641   50.6577   59.9633   73.1955   79.1897  106.89    119.4743
  122.8696  141.0211  156.9079  167.6049  180.0841  188.7245  206.7392
  236.1102  246.8213  264.0384  276.5066  296.5688  310.2905  339.743
  350.3612  358.056   364.2144  383.3485  420.0878  453.1982  493.0186
  505.2531  536.2042  550.4792  594.2441  607.9757  635.5676  679.2458
  701.2243  718.5392  755.1731  796.5372  800.7728  812.0839  831.9087
  857.3315  870.4166  872.5604  902.6921  933.7877  942.3114  949.2568
  966.82    971.3223 1018.3455 1026.1647 1036.5086 1071.013  1073.9726
 1089.6137 1119.7953 1125.7877 1148.9351 1157.6791 1177.2188 1205.1478
 1226.8769 1230.5784 1261.1794 1272.8436 1277.3999 1285.4955 1292.5277
 1308.1711 1323.4668 1330.4129 1337.1322 1345.9227 1355.2707 1369.2133
 1379.6885 1389.4873 1404.3351 1408.0934 1415.6593 1431.6103 1458.1297
 1491.1663 1498.5136 1515.3239 1520.0869 1530.6864 1554.4779 1561.9735
 1770.8485 1778.0896 1790.3168 2963.5198 2981.8473 3001.9763 3009.8987
 3019.6669 3028.1123 3041.3312 3050.5809 3093.7773 3095.4692 3097.3596
 3106.6574 3107.4907 3123.7442 3156.613  3512.5999 3540.816 ]

 Isotope contributions - estimation of isotope movement in each frequency:
[ 0.   -0.09 -0.02  0.05 -0.05  0.1   0.03 -0.06 -0.09  0.2  -0.16 -0.18
 -0.15 -0.03 -0.02  0.09  0.    0.07 -0.01 -0.08  0.02 -0.07 -0.13 -0.09
 -0.01 -0.01 -0.02  0.    0.03 -0.02  0.    0.    0.    0.    0.    0.
  0.    0.01  0.    0.01  0.    0.    0.    0.    0.    0.    0.    0.
  0.    0.    0.    0.    0.    0.    0.    0.    0.    0.    0.    0.
  0.    0.    0.    0.    0.    0.    0.    0.    0.    0.    0.    0.
  0.    0.    0.    0.    0.    0.    0.    0.    0.    0.    0.    0.
  0.    0.    0.    0.    0.    0.    0.    0.    0.    0.    0.    0.
  0.    0.    0.    0.    0.    0.    0.    0.    0.    0.    0.    0.
  0.    0.    0.  ]

The frequencies that contain movement of the isotope:
[ 50.6577  59.9633  73.1955  79.1897 106.89   119.4743 122.8696 141.0211
 156.9079 167.6049 180.0841 188.7245 206.7392 236.1102 246.8213 276.5066
 296.5688 310.2905 339.743  350.3612 358.056  364.2144 383.3485 420.0878
 453.1982 505.2531 536.2042 755.1731 800.7728]

Light isotope convergence table:
         Item               Value     Threshold  Converged?
 Maximum Force            0.000003     0.000450     YES
 RMS     Force            0.000001     0.000300     YES
 Maximum Displacement     0.000589     0.001800     YES
 RMS     Displacement     0.000187     0.001200     YES

Low frequencies: [4.5856, -2.9959, 0.0006, 0.0007, 0.0008, 2.9958, 37.2772, 50.7043, 60.0036]

Heavy isotope convergence table: 
         Item               Value     Threshold  Converged?
 Maximum Force            0.000003     0.000450     YES
 RMS     Force            0.000001     0.000300     YES
 Maximum Displacement     0.000589     0.001800     YES
 RMS     Displacement     0.000187     0.001200     YES

Low frequencies: [4.5841, -2.9951, 0.0006, 0.0006, 0.0009, 2.9954, 37.2738, 50.659, 59.9638]
