This output file is generated from the following files: 
Light isotope file: input_files\alkanes\C_8_12.LOG
Heavy isotope file: input_files\alkanes\C_8_13.LOG

C isotope extracted: 13
Temperature = 298.15 K

Number of frequencies used in calculating FULL RPFR: 72
ln(v/v'): -0.0876420088098771
lnQ: -252.31602852378495
lnQ': -252.53466142144245
RPFR: 130.99088884763432


Light isotope frequencies:
[  47.7253   69.7909   77.9223  111.3882  138.082   161.8903  194.5661
  248.3028  251.3454  273.9851  337.5193  469.4269  470.7196  735.0558
  737.8866  757.6849  807.9105  882.5874  893.6816  909.2643  965.4166
 1008.2793 1016.8779 1040.0813 1056.7091 1068.9441 1070.7897 1103.6737
 1159.1593 1212.1213 1241.1341 1253.5954 1285.8931 1307.3124 1322.9944
 1331.1177 1342.5398 1343.2246 1357.0344 1395.6331 1415.2649 1415.9342
 1427.1317 1428.292  1497.4517 1497.9903 1501.3309 1504.4803 1511.6335
 1514.0274 1514.042  1519.0945 1525.2029 1528.9374 3006.2549 3007.7259
 3009.7399 3016.0413 3023.1511 3025.7771 3029.5756 3032.6507 3036.222
 3036.3318 3041.1445 3052.7433 3063.6373 3072.7567 3104.2419 3104.4305
 3109.3435 3109.3624]

Isotope contributions - estimation of isotope movement in each frequency:
[ 0.23 -0.02  0.26 -0.13  0.    0.06 -0.23  0.01  0.01  0.2   0.16 -0.12
 -0.09  0.    0.01 -0.01  0.02 -0.04 -0.12  0.13  0.05  0.07 -0.04 -0.04
 -0.03  0.02  0.   -0.1  -0.12 -0.07 -0.08  0.06  0.06  0.06  0.05 -0.01
 -0.01  0.03 -0.05  0.03  0.03  0.02  0.04 -0.04  0.   -0.01 -0.01 -0.03
 -0.03 -0.04 -0.04  0.03 -0.03  0.02  0.    0.    0.    0.   -0.01  0.01
  0.    0.   -0.01  0.01  0.01 -0.01  0.02  0.01 -0.06  0.06  0.09 -0.09]

The frequencies that contain movement of the isotope:
[  47.7253   69.7909   77.9223  111.3882  161.8903  194.5661  248.3028
  251.3454  273.9851  337.5193  469.4269  470.7196  737.8866  757.6849
  807.9105  882.5874  893.6816  909.2643  965.4166 1008.2793 1016.8779
 1040.0813 1056.7091 1068.9441 1103.6737 1159.1593 1212.1213 1241.1341
 1253.5954 1285.8931 1307.3124 1322.9944 1331.1177 1342.5398 1343.2246
 1357.0344 1395.6331 1415.2649 1415.9342 1427.1317 1428.292  1497.9903
 1501.3309 1504.4803 1511.6335 1514.0274 1514.042  1519.0945 1525.2029
 1528.9374 3023.1511 3025.7771 3036.222  3036.3318 3041.1445 3052.7433
 3063.6373 3072.7567 3104.2419 3104.4305 3109.3435 3109.3624]

Heavy isotope frequencies:
[  47.3281   69.7829   77.3464  111.0113  138.0818  161.7604  193.6708
  248.2905  251.3366  272.0659  336.6122  467.3722  470.4617  735.0544
  737.8777  757.6388  807.7085  882.0526  890.928   906.4875  964.6131
 1005.166  1014.0425 1039.5082 1053.8273 1067.051  1070.6423 1101.7923
 1157.3497 1210.4703 1238.7652 1252.768  1284.1968 1306.5183 1321.9349
 1331.0478 1342.4535 1342.9269 1356.3971 1395.2035 1413.8447 1415.2732
 1418.8842 1427.7705 1497.448  1497.9626 1501.3035 1504.2875 1511.244
 1512.3806 1514.0347 1518.5785 1524.7998 1528.8003 3006.2492 3007.7251
 3009.7276 3016.0302 3023.0837 3025.6864 3029.5749 3032.6384 3032.9509
 3036.2774 3041.0666 3052.4599 3063.1342 3072.4045 3094.4177 3098.27
 3104.3375 3109.3529]

 Isotope contributions - estimation of isotope movement in each frequency:
[ 0.22 -0.02  0.25 -0.12  0.    0.06 -0.23  0.01  0.01  0.19  0.15 -0.14
  0.04  0.    0.   -0.01  0.02 -0.04  0.13  0.1   0.04  0.05 -0.05 -0.03
 -0.01 -0.03  0.   -0.1  -0.11 -0.07 -0.07  0.06  0.06  0.06  0.04 -0.01
 -0.01 -0.02 -0.04  0.03  0.05  0.01 -0.03 -0.01  0.    0.01 -0.01 -0.03
 -0.03 -0.05  0.    0.03 -0.03  0.02  0.    0.    0.    0.   -0.01  0.01
  0.    0.    0.01  0.    0.01 -0.02  0.02 -0.02 -0.08 -0.12  0.    0.  ]

The frequencies that contain movement of the isotope:
[  47.3281   69.7829   77.3464  111.0113  161.7604  193.6708  248.2905
  251.3366  272.0659  336.6122  467.3722  470.4617  757.6388  807.7085
  882.0526  890.928   906.4875  964.6131 1005.166  1014.0425 1039.5082
 1053.8273 1067.051  1101.7923 1157.3497 1210.4703 1238.7652 1252.768
 1284.1968 1306.5183 1321.9349 1331.0478 1342.4535 1342.9269 1356.3971
 1395.2035 1413.8447 1415.2732 1418.8842 1427.7705 1497.9626 1501.3035
 1504.2875 1511.244  1512.3806 1518.5785 1524.7998 1528.8003 3023.0837
 3025.6864 3032.9509 3041.0666 3052.4599 3063.1342 3072.4045 3094.4177
 3098.27  ]

Light isotope convergence table:
         Item               Value     Threshold  Converged?
 Maximum Force            0.000020     0.000450     YES
 RMS     Force            0.000005     0.000300     YES
 Maximum Displacement     0.000219     0.001800     YES
 RMS     Displacement     0.000071     0.001200     YES

Low frequencies: [0.0011, -0.0007, 0.0008, 1.623, 1.9411, 10.1721, 47.7253, 69.7909, 77.9223]

Heavy isotope convergence table: 
         Item               Value     Threshold  Converged?
 Maximum Force            0.000020     0.000450     YES
 RMS     Force            0.000005     0.000300     YES
 Maximum Displacement     0.000219     0.001800     YES
 RMS     Displacement     0.000071     0.001200     YES

Low frequencies: [0.0012, -0.0011, -0.0007, 1.6066, 1.923, 10.1711, 47.3281, 69.7829, 77.3464]
